850.215249566
1036.29455957
1165.33714957
1321.43825957
1449.53321957
1577.62817957
1691.67110957
1819.76606957
1918.83447957
2031.91853957
2102.95564957
2216.03970957
2329.12376957
2430.17144957
2558.26640957
2744.34571957
2900.44682957
3056.54793957
3193.60684957
3321.66542957
3424.67461957
3553.71720957
3654.76488957
3725.80199957
3824.87040957
3987.93373957
4087.00214957
4200.08620957
4347.15461957
4460.23867957
4573.32273957
4674.37041957
4805.41090957
4876.44801957
4975.51642957
5074.58483957
5202.64341957
5331.68600957
5388.70746957
5503.73440957
5689.81371957
5875.89302957
5946.93013957
6103.03124957
6234.07173957
6349.09867957
6512.16200957
6659.23041957
6760.27809957
6916.37920957
7031.40614957
7194.46947957
7323.51206957
7479.61317957
7592.69723957
7721.73982957
7852.78031957
7999.84872957
8112.93278957
8226.01684957
8354.07542957
8451.12818957
8564.21224957
8677.29630957
8776.36471957
8891.39165957
8994.40084957
9180.48015957
9308.53873957
9464.63984957
9563.70825957
9691.80321957
9778.83524957
9964.91455957
10065.9622396
10179.0462996
10278.1147096
10406.2096696
10534.2682496
10637.2774396
10774.3363496
10911.3952596
11010.4636696
11107.5164296
